
[sample material]
g_code_matl=3B204D617962652073657420736F6D65206D6174657269616C2D737065636966696320472D636F64653F
fan_Z_mm=0
fan_loops_percent=0
fan_inside_percent=0
fan_cool_percent=0
temperature_C=180
keep_warm_C=120
first_layer_C=180
bed_C=70
sec_per_C_per_C=0
flow_min_mm3_per_s=0.01
flow_max_mm3_per_s=10
destring_suck=1.25
destring_prime=1.25
destring_min_mm=1
destring_trigger_mm=100
destring_speed_mm_per_s=15
Z_lift_mm=0
min_layer_time_s=10
wipe_mm=10
cost_per_cm3=0
flowrate_tweak=1
fiber_dia_mm=3
color=0

[PLA - no cooling]
g_code_matl=3B204D617962652073657420736F6D65206D6174657269616C2D737065636966696320472D636F64653F
fan_Z_mm=0
fan_loops_percent=0
fan_inside_percent=0
fan_cool_percent=0
temperature_C=180
keep_warm_C=120
first_layer_C=190
bed_C=70
sec_per_C_per_C=0.0101852
flow_min_mm3_per_s=0.01
flow_max_mm3_per_s=10
destring_suck=1.25
destring_prime=1.25
destring_min_mm=1
destring_trigger_mm=100
destring_speed_mm_per_s=15
Z_lift_mm=0
min_layer_time_s=10
wipe_mm=10
cost_per_cm3=0.128
flowrate_tweak=1
fiber_dia_mm=3
color=0

[PLA - cooling]
g_code_matl=3B204D617962652073657420736F6D65206D6174657269616C2D737065636966696320472D636F64653F0A0A3B205072652D686561742065787472756465720A3B204D31303420533C54454D503E0A3B204865617465642062656420636F6E74726F6C0A3B204D31393020533C4245443E
fan_Z_mm=1
fan_loops_percent=95
fan_inside_percent=95
fan_cool_percent=75
temperature_C=185
keep_warm_C=120
first_layer_C=185
bed_C=70
sec_per_C_per_C=0.0101852
flow_min_mm3_per_s=0.01
flow_max_mm3_per_s=10
destring_suck=1.25
destring_prime=1.25
destring_min_mm=1
destring_trigger_mm=100
destring_speed_mm_per_s=15
Z_lift_mm=0
min_layer_time_s=10
wipe_mm=10
cost_per_cm3=0.056
flowrate_tweak=1
fiber_dia_mm=3
color=0

[ABS]
g_code_matl=3B204D617962652073657420736F6D65206D6174657269616C2D737065636966696320472D636F64653F0A0A3B205072652D686561742065787472756465720A3B204D31303420533C54454D503E0A3B204865617465642062656420636F6E74726F6C0A3B204D31393020533C4245443E
fan_Z_mm=1
fan_loops_percent=0
fan_inside_percent=0
fan_cool_percent=0
temperature_C=230
keep_warm_C=150
first_layer_C=230
bed_C=110
sec_per_C_per_C=0.0101852
flow_min_mm3_per_s=0.01
flow_max_mm3_per_s=10
destring_suck=1.25
destring_prime=1.25
destring_min_mm=3
destring_trigger_mm=100
destring_speed_mm_per_s=15
Z_lift_mm=0
min_layer_time_s=10
wipe_mm=10
cost_per_cm3=0.056
flowrate_tweak=1
fiber_dia_mm=3
color=0
